tree
version=v4
num_class=1
num_tree_per_iteration=1
label_index=0
max_feature_idx=43
objective=binary sigmoid:1
feature_names=temperature_2m relative_humidity_2m precipitation rain snowfall snow_depth surface_pressure visibility wind_speed_10m wind_gusts_10m latitude longitude km_length hour_sin hour_cos doy_sin doy_cos snowfall_sum_3h precip_sum_3h wind_max_3h gust_max_3h visibility_min_3h temp_min_3h snowfall_sum_6h precip_sum_6h wind_max_6h gust_max_6h visibility_min_6h temp_min_6h snowfall_sum_12h precip_sum_12h wind_max_12h gust_max_12h visibility_min_12h temp_min_12h snowfall_sum_24h precip_sum_24h wind_max_24h gust_max_24h visibility_min_24h temp_min_24h snow_x_wind snow_x_gust wind_visibility_ratio
feature_infos=[-22.399999999999999:18.300000000000001] [13:100] [0:3.2999999999999998] [0:2.7999999999999998] [0:2.2400000000000002] [0:0.29999999999999999] [882.10000000000002:1018.9] [20:70460] [0:12.31] [0.5:23.199999999999999] [42.618400000000001:46.916919999999998] [61.389400000000002:74.707470000000001] [59:332] [-1:1] [-1:1] [-0.76072009135641039:0.92065881681024275] [0.39036821467630262:0.99940821160625981] [0:5.7400000000000002] [0:8.1999999999999993] [0.14000000000000001:12.31] [0.59999999999999998:23.199999999999999] [20:68400] [-22.399999999999999:17.399999999999999] [0:9.2400000000000002] [0:13.399999999999997] [0.28999999999999998:12.31] [0.90000000000000002:23.199999999999999] [20:63700] [-22.399999999999999:14.300000000000001] [0:10.780000000000001] [0:16] [0.46000000000000002:12.31] [1.6000000000000001:23.199999999999999] [20:49940] [-22.399999999999999:9.5] [0:13.930000000000001] [0:21.099999999999998] [1.28:12.31] [2.2999999999999998:23.199999999999999] [20:33920] [-22.399999999999999:4.2000000000000002] [0:15.232000000000001] [0:29.120000000000005] [0:0.074999999999999997]
tree_sizes=3382 3379 3380 3386 3379 3407

Tree=0
num_leaves=31
num_cat=0
split_feature=23 6 8 25 34 6 13 15 7 39 15 5 42 35 24 13 26 34 11 0 6 28 31 33 16 23 5 7 35 28
split_gain=392.57 107.909 95.6151 75.3096 60.237 89.178 79.3066 60.0328 51.7098 48.7473 40.0748 37.4718 36.5937 86.5314 24.3511 15.8934 24.7464 15.5605 15.3882 28.8775 12.1797 10.2535 8.2821 7.77697 6.58187 27.4202 44.7215 3.37538 2.42155 2.16815
threshold=0.069999999999999937 896.6500000000002 4.4500000000000011 1.9150000000000003 -9.5499999999999989 920.6500000000002 1.0000000180025095e-35 0.61490419508004501 18470.000000000004 21200.000000000004 0.11157877211276467 0.065000000000000016 0.90300000000000025 3.0450000000000008 0.60000000000000064 1.0000000180025095e-35 8.8500000000000032 -2.1499999999999999 62.609570000000012 -5.0499999999999989 951.25000000000011 -5.8499999999999988 2.9900000000000007 230.00000000000003 0.86545531305655499 3.4650000000000003 0.03500000000000001 21390.000000000004 0.4900000000000006 3.4500000000000006
decision_type=2 2 2 2 2 2 2 2 2 2 2 2 2 2 2 2 2 2 2 2 2 2 2 2 2 2 2 2 2 2
left_child=1 -1 4 20 6 8 22 11 -6 27 29 17 13 15 -7 28 -17 -4 21 -20 -2 -9 -3 -15 -14 26 -26 -10 -5 -11
right_child=3 2 7 12 5 14 -8 18 9 10 -12 -13 24 23 -16 16 -18 -19 19 -21 -22 -23 -24 -25 25 -27 -28 -29 -30 -31
leaf_value=-0.039177561085481975 -0.035622716415461157 0.030948536146824492 -0.03728047050958383 0.021041361583951462 0.020042311503868149 -0.039394904110101624 -0.036609210969444916 0.0097460159431599965 -0.012468761300847005 -0.034569420764898336 0.018067138097432881 0.027711422192614951 0.034425079971386517 -0.036201573624879704 0.010775867954932326 -0.015698570967805196 0.02840365395249347 0.0040436477088667908 0.021852902207194689 -0.032509505826208165 0.0029058950134345121 0.033554396920781528 0.0089591733548207275 -0.006114311977715098 0.029837570190851492 0.035427181168101785 -0.026055862548339376 -0.038175555136499818 0.034826702814542358 -0.010035666429139944
leaf_weight=52.501405373215675 9.0519664436578733 17.400243207812313 15.179451420903209 17.187131568789482 20.742507740855217 71.719426438212395 11.976447910070418 11.501694649457926 4.1451254636049297 7.1023121327161807 19.800385788083076 5.3003590553998938 80.832585647702217 10.58383768796921 3.555376172065734 8.8472950160503405 9.519335135817526 4.2516812831163415 10.633423313498495 4.8741357773542395 4.3909423053264609 30.024466246366504 13.697165802121161 6.0620745718479148 12.099884152412416 30.548805132508278 9.1585222631692869 23.117329686880112 26.886873140931129 3.7273423969745636
leaf_count=377 65 24 109 38 48 515 86 36 22 51 49 7 99 76 10 48 14 15 22 35 16 37 44 28 17 33 58 166 30 19
internal_value=0.000707525 -0.0131218 -0.00807745 0.0210378 -0.0156094 -0.021435 0.00512951 0.0099892 -0.006339 -0.016039 0.00127313 -0.0155199 0.0239769 0.0128805 -0.0368626 0.0236771 0.00723921 -0.0282873 0.0211964 0.0035898 -0.0234311 0.0274384 0.0219686 -0.0264386 0.0304173 0.0235548 0.00548915 -0.034988 0.0301258 -0.0280257
internal_weight=556.42 331.25 278.749 225.169 196.984 153.91 43.0739 81.7652 78.635 57.8925 30.63 24.7315 211.726 79.0865 75.2748 62.4406 18.3666 19.4311 57.0337 15.5076 13.4429 41.5262 31.0974 16.6459 132.64 51.8072 21.2584 27.2625 44.074 10.8297
internal_count=2194 1672 1295 522 1034 880 154 261 355 307 119 131 441 234 525 130 62 124 130 57 81 73 68 104 207 108 75 188 68 70
is_linear=0
shrinkage=1


Tree=1
num_leaves=31
num_cat=0
split_feature=17 10 22 21 32 16 22 15 15 40 38 40 16 6 37 6 31 13 38 14 40 9 40 43 19 40 19 33 31 22
split_gain=356.503 102.523 125.598 68.0114 53.1709 54.9791 52.7427 42.5525 55.6069 50.9078 40.6425 56.4835 35.9753 34.079 34.6308 33.1193 35.4521 26.9231 24.8288 18.7672 26.5465 16.8186 41.0838 10.4214 9.00824 6.70484 15.6418 4.16655 2.7789 2.42249
threshold=0.070000000000000076 46.293735000000005 -4.9499999999999993 18190.000000000004 7.9500000000000011 0.86545531305655499 -1.5499999999999998 0.11157877211276467 0.14569472580964501 -7.3999999999999995 13.950000000000001 -0.84999999999999998 0.93693214379294487 1003.35 7.4750000000000005 915.45000000000016 7.2950000000000008 1.0000000180025095e-35 10.050000000000002 -0.5 0.45000000000000007 6.8500000000000005 -8.9499999999999975 2.1433867620340254e-05 7.1150000000000011 -4.0499999999999989 5.1550000000000011 12960.000000000002 6.8350000000000009 -8.9499999999999975
decision_type=2 2 2 2 2 2 2 2 2 2 2 2 2 2 2 2 2 2 2 2 2 2 2 2 2 2 2 2 2 2
left_child=1 3 13 10 5 19 7 -5 -9 17 11 27 -7 -3 -15 16 -12 18 -10 -2 -21 22 -4 -8 -20 26 -6 -1 -28 -19
right_child=4 2 21 6 25 12 23 8 9 -11 15 -13 -14 14 -16 -17 -18 29 24 20 -22 -23 -24 -25 -26 -27 28 -29 -30 -31
leaf_value=-0.037386784474063704 0.031184602777951237 0.028135024253916962 0.031860190961032035 -0.037532566472900382 -0.00034547162564432159 -0.036658574679099991 -0.0098105603143539572 0.027767216498554563 0.020885057200315346 -0.037535739611297581 0.028804995277704807 0.016581101338520997 0.0096273127515081013 -0.037973956314650711 0.016882149887763348 0.03394080308397162 -0.034392984121668357 -0.033861440012546262 -0.032418151028023659 -0.02283752482391815 0.029153266573448539 0.03269940631645106 -0.023948948103810788 -0.037697244047242597 0.0039040089586080706 0.032795655587412938 0.035265652615612021 -0.0090147461473795102 0.019316476313392054 -0.0086808956330238184
leaf_weight=19.35178887844086 25.414830565452576 3.8006152957677832 11.680894553661348 23.666338890790939 9.8934780210256559 13.783942535519602 7.0350638180971137 13.876628518104551 20.320818185806278 23.944108009338379 5.1599449366331118 13.384324505925177 11.499242424964903 27.705146372318268 4.7757265567779532 16.562689512968063 7.3789849877357483 6.9608002603054047 5.1511839330196363 7.207010865211485 6.51913683116436 35.454910203814507 8.0417950153350812 85.02663516998291 4.250601202249527 83.283895552158356 14.922472372651102 3.58724620938301 15.962328463792799 3.5872268676757795
leaf_count=139 35 4 14 170 40 99 35 22 45 172 6 34 36 199 11 18 53 50 37 44 8 45 50 603 15 109 14 18 37 18
internal_value=-0.000515925 -0.012437 0.00568957 -0.0188446 0.0215923 0.00663198 -0.0247707 -0.0145587 -0.00715911 -0.015078 -0.00111979 -0.015104 -0.0158894 -0.0227855 -0.0295256 0.0161237 -0.00788401 -0.00104216 0.00867032 0.0213128 0.00188641 0.0245566 0.00885379 -0.0357375 -0.0168155 0.0292139 0.021193 -0.0336789 0.0280124 -0.0271376
internal_weight=539.19 350.703 91.4591 259.244 188.486 64.4242 193.819 101.758 78.0914 64.2147 65.425 36.3234 25.2832 36.2815 32.4809 29.1016 12.5389 40.2706 29.7226 39.141 13.7261 55.1776 19.7227 92.0617 9.40179 124.062 40.7783 22.939 30.8848 10.548
internal_count=2180 1758 323 1435 422 222 1167 529 359 337 268 191 135 214 210 77 59 165 97 87 52 109 64 638 52 200 91 157 51 68
is_linear=0
shrinkage=0.02


Tree=2
num_leaves=31
num_cat=0
split_feature=17 8 15 36 19 37 16 16 28 0 5 16 16 16 16 39 38 6 28 37 37 35 43 22 26 15 13 39 15 16
split_gain=359.781 106.051 95.3239 66.3431 62.8326 52.819 67.9622 36.0034 35.0908 32.109 36.4512 29.9435 37.3467 24.2329 97.2348 20.461 21.7372 18.8482 18.7807 14.7426 26.0148 14.4757 12.2468 7.96848 14.2718 6.9189 3.88594 3.68434 3.47361 3.2927
threshold=0.070000000000000076 4.4500000000000011 0.51572537064332258 0.099999999999997438 1.8450000000000004 4.9200000000000008 0.99371836985722206 0.99696839222562084 -8.3499999999999996 -10.249999999999998 0.095000000000000015 0.74441084628863963 0.96901616890815878 0.86545531305655499 0.93693214379294487 12160.000000000002 9.2500000000000018 951.25000000000011 -15.749999999999998 7.7200000000000015 8.7450000000000028 0.069999999999999687 0.0047070863918690009 -4.0499999999999989 11.950000000000001 0.83552254320998587 0.12940952255126045 24120.000000000004 0.7957718639449195 0.99165201056713148
decision_type=2 2 2 2 2 2 2 2 2 2 2 2 2 2 2 2 2 2 2 2 2 2 2 2 2 2 2 2 2 2
left_child=1 3 27 7 17 6 11 9 18 10 -1 -5 -13 23 -15 28 -17 -2 -4 -7 -21 -14 -16 24 -6 -18 -25 -3 -10 -11
right_child=4 2 8 5 13 19 -8 -9 15 29 -12 12 21 14 22 16 25 -19 -20 20 -22 -23 -24 26 -26 -27 -28 -29 -30 -31
leaf_value=-0.033563260423507157 -0.034843765630650295 -0.036409681844075691 0.018076016610019948 0.027232691591561844 0.0016968114174948643 -0.034124805881135853 -0.035859792286988497 0.0047733402534608678 0.035107192823117098 -0.037344631507031829 0.027800698113409669 -0.028251499785556872 -0.004694824476715184 -0.029977633065734772 0.01226160003226783 0.022769329704526515 -0.031931104050600262 0.0094755126590151013 -0.026790451988601745 0.020834642180704278 -0.032945176394653573 0.027677514919008519 0.034941999051098176 0.037227899563568839 0.032520982132532787 0 0.024696420110475823 -0.0094435185264049541 0.020753608892516283 -0.013782194674192703
leaf_weight=6.8177483677864057 8.6299097388982755 17.247874185442928 4.6354204118251792 25.43846021592617 11.386944442987444 28.759691759943962 14.325770229101179 10.688898548483847 21.292171984910965 100.66666021943092 6.6560230255126953 11.930446192622183 8.6690782904624957 14.162291526794432 16.268591985106468 10.346099302172663 4.7320061326026899 5.6088772267103186 10.265003472566603 5.9938674420118314 6.398489847779274 12.372453629970549 32.819839194417 59.232290714979172 12.752604007720945 4.8061147481203079 26.265525996685028 3.7236678004264823 23.298882678151131 4.5586274564266196
leaf_count=49 62 124 10 43 43 199 103 38 21 716 9 78 39 94 47 20 34 17 66 12 46 19 34 53 14 19 49 19 51 25
internal_value=-0.000625462 -0.012775 0.00446236 -0.0198906 0.0216129 -0.00859744 0.00165222 -0.0296581 0.0145474 -0.0328061 -0.00314682 0.0113685 -0.0011946 0.0249522 0.0146137 0.0209115 0.00355667 -0.0176471 -0.0123222 -0.026418 -0.00702116 0.0145508 0.0279001 0.0306944 0.0187858 -0.017087 0.0337544 -0.0324514 0.0283149 -0.0365009
internal_weight=530.75 343.623 100.347 243.276 187.127 113.888 72.7362 129.388 79.3757 118.699 13.4738 58.4104 32.972 172.888 63.2507 64.4753 19.8842 14.2388 14.9004 41.152 12.3924 21.0415 49.0884 109.637 24.1395 9.53812 85.4978 20.9715 44.5911 105.225
internal_count=2153 1740 364 1376 413 539 282 837 221 799 58 179 136 334 175 145 73 79 76 257 58 58 81 159 57 53 102 143 72 741
is_linear=0
shrinkage=0.02


Tree=3
num_leaves=31
num_cat=0
split_feature=17 8 15 34 7 19 40 20 38 32 16 6 33 38 23 5 37 32 6 40 8 16 15 39 16 25 14 40 5 33
split_gain=335.211 111.852 93.4632 73.9802 76.6926 65.7062 61.6704 53.1626 29.6805 26.7382 30.7293 51.8012 24.6681 37.5563 23.4302 19.6812 18.2501 17.1779 17.1593 12.4 11.2209 24.8253 10.1619 9.67793 9.2571 14.7211 6.57286 5.90309 12.2024 5.91598
threshold=0.070000000000000076 4.4500000000000011 0.61490419508004501 -10.149999999999997 8030.0000000000009 0.48500000000000004 -13.899999999999997 3.5500000000000003 10.65 7.9500000000000011 0.86545531305655499 917.55000000000007 15710.000000000002 9.2500000000000018 0.13999999999999987 0.065000000000000016 4.5950000000000006 5.6500000000000012 951.25000000000011 -2.8499999999999992 2.6950000000000007 0.99165201056713148 0.12865578461947555 4660.0000000000009 0.84771273534009206 3.8950000000000005 -0.70710678118654757 -4.0499999999999989 0.065000000000000016 3310.0000000000005
decision_type=2 2 2 2 2 2 2 2 2 2 2 2 2 2 2 2 2 2 2 2 2 2 2 2 2 2 2 2 2 2
left_child=1 3 8 6 22 19 -1 18 -3 10 26 -12 23 -14 20 -10 -8 -18 -2 -6 -7 24 -5 -4 -22 -26 -9 28 -11 -30
right_child=7 2 12 4 5 14 16 9 15 27 11 -13 13 -15 -16 -17 17 -19 -20 -21 21 -23 -24 -25 25 -27 -28 -29 29 -31
leaf_value=-0.034800598145407965 -0.033697042981715518 0.017361196467900668 0.011730579122776266 0.027557752626353137 -0.0066258342903242045 -0.036102412220935513 0.025765801641087105 0.030932064863961082 -0.036430371660494267 0.030718276142781539 0.02553132387875634 -0.034873195636235713 0.02126904627387996 -0.033801385478785785 0.0058047581434401774 0.0010991161239625564 0.015404000628645474 -0.030630147236424942 0.0094594442115901404 0.025201179776815991 -0.036303299614352288 0.017641334882126877 -0.00018573688061277192 0.03268608021058917 0.0019041243563184798 -0.033613692499435473 0.011700729597610345 0.033161582629496297 -0.0036426821974381435 0.018442620050404458
leaf_weight=11.253688991069792 7.6481077969074232 6.4088852405548087 14.481759846210478 9.5093230456113833 9.2132967263460159 114.52691060304642 25.834045007824898 21.022414162755013 22.50802676379681 26.604361891746521 9.7855537384748477 10.980949893593786 12.116952642798426 6.9565073102712622 6.1588162630796424 6.9895671457052222 6.6879310011863691 4.5848062336444855 5.6092483997344971 8.4310466349124908 22.91374109685421 4.6307407468557349 10.020615383982657 36.345922827720642 9.3263416588306445 7.7820122539997092 14.478558361530302 84.030477151274681 8.1096037626266497 9.3978202342987043
leaf_count=81 55 15 42 14 43 809 46 27 162 36 16 79 25 50 21 27 17 33 17 14 165 10 41 44 36 56 42 100 35 21
internal_value=0.000955983 -0.0106082 0.00656646 -0.0178649 -0.0231534 -0.0271742 0.00422051 0.0217915 -0.0192648 0.0245842 0.0126401 -0.00636044 0.0199763 0.000301099 -0.0310787 -0.027662 0.0167624 -0.00396314 -0.015774 0.00890361 -0.0325581 -0.0227882 0.0138123 0.0271342 -0.0278796 -0.0149949 0.0237339 0.0296594 0.0223121 0.00835231
internal_weight=554.348 356.681 105.808 250.873 202.513 182.983 48.3605 197.667 35.9065 184.41 56.2675 20.7665 69.9011 19.0735 165.339 29.4976 37.1068 11.2727 13.2574 17.6443 159.18 44.6528 19.5299 50.8277 40.0221 17.1084 35.501 128.142 44.1118 17.5074
internal_count=2179 1751 365 1386 1209 1154 177 428 204 356 164 95 161 75 1097 189 96 50 72 57 1076 267 55 86 257 92 69 192 92 56
is_linear=0
shrinkage=0.02


Tree=4
num_leaves=31
num_cat=0
split_feature=23 6 9 36 25 36 16 19 11 22 5 37 38 41 35 37 28 39 37 40 6 16 39 13 19 9 9 40 16 6
split_gain=338.106 90.7343 74.6257 65.9684 59.842 47.5535 62.4022 41.1837 37.0947 41.2365 38.01 36.9094 31.473 28.6233 86.0416 28.2026 25.9699 24.8849 20.6858 14.7865 31.4141 21.7117 12.759 12.4227 11.5071 7.5236 4.1669 4.0185 8.62764 3.81516
threshold=0.069999999999999937 896.6500000000002 6.8500000000000005 0.099999999999997438 1.7600000000000002 2.0000000000000004 0.99371836985722206 0.48500000000000004 62.609570000000012 -4.0499999999999989 0.065000000000000016 1.4800000000000002 9.2500000000000018 0.64470000000000016 3.0450000000000008 4.9850000000000012 -15.449999999999998 590.00000000000011 3.6850000000000005 -10.149999999999997 916.45000000000016 0.97832380634958016 150.00000000000003 -1.0000000180025095e-35 8.6450000000000014 5.0500000000000007 6.4500000000000011 -4.9499999999999993 0.87394374251212481 950.85000000000002
decision_type=2 2 2 2 2 2 2 2 2 2 2 2 2 2 2 2 2 2 2 2 2 2 2 2 2 2 2 2 2 2
left_child=1 -1 3 7 -2 6 15 -3 9 16 12 -9 -10 14 18 19 -4 -13 23 -5 -21 -22 -16 -6 -12 -17 -19 28 -15 -20
right_child=4 2 8 5 13 -7 -8 11 10 -11 24 17 -14 27 22 25 -18 26 29 20 21 -23 -24 -25 -26 -27 -28 -29 -30 -31
leaf_value=-0.036651529758397666 -0.025922456317079373 0.023103902858653502 0.019061353854893177 0.033714236036652766 0.017801960865737834 -0.034960670442766191 -0.034376309665243035 0.0062927660819050261 0.0042931384835746354 0.032094165909226785 0 0.0034917772711765831 -0.035585321348641882 0.029747839027754509 -0.035161954178485638 -0.031030763444877429 -0.033324304514459183 -0.037005740616335027 0.021635646676100854 0.025487178275934132 -0.033137032663679275 0.017566682046649677 -0.0017484927497722754 -0.019408859053291653 0.029375554966773857 0.0015997953674311768 -0.0107914294383748 0.031529577180499903 0.0063919890862424653 0.033838190508324095
leaf_weight=51.00481578707695 10.106844902038572 5.7129043042659751 6.1267717629671079 17.608655959367745 6.2650087773799896 13.595207989215849 12.474230840802191 10.244059473276137 13.151527568697931 31.007103517651558 9.7422036528587359 6.5679509788751593 17.617149189114571 15.861314862966539 11.808493211865427 5.1340014487504941 7.0877117812633514 77.489837899804115 36.585006952285767 20.129755079746253 7.6355709284543973 4.6264702379703522 7.6846470385789862 6.0825033634901029 10.428740471601484 4.6611322462558746 3.9914742559194556 82.556766524910927 12.031249836087225 29.114957913756371
leaf_count=368 65 10 13 18 14 98 90 35 48 37 39 24 127 21 85 37 51 559 77 36 55 10 32 36 13 18 21 106 40 31
internal_value=0.000250653 -0.0123157 -0.00783407 -0.0150589 0.0195986 -0.00198173 0.00456007 -0.0256953 0.0065464 0.0197598 -0.00500697 -0.0287759 -0.0188155 0.0219432 0.0137458 0.0131804 -0.00912249 -0.0329258 0.0231264 0.0192664 0.0105181 -0.0138228 -0.0229129 -0.000309564 0.0157613 -0.0164228 -0.0359165 0.0289584 0.0203818 0.0275294
internal_weight=554.134 336.037 285.032 189.871 218.097 85.865 72.2698 104.006 95.1612 44.2216 50.9396 98.2933 30.7687 207.99 97.5406 59.7956 13.2145 88.0493 78.0475 50.0005 32.3918 12.262 19.4931 12.3475 20.1709 9.79513 81.4813 110.449 27.8926 65.7
internal_count=2214 1707 1339 1011 507 362 264 649 328 101 227 639 175 442 275 174 64 604 158 119 101 65 117 50 52 55 580 167 61 108
is_linear=0
shrinkage=0.02


Tree=5
num_leaves=31
num_cat=0
split_feature=17 6 33 13 6 28 1 40 9 37 15 37 16 16 22 39 9 6 29 38 15 33 13 28 25 6 13 40 40 37
split_gain=295.541 105.696 65.0613 54.4691 58.4914 47.2924 64.3681 53.1678 46.4662 40.7496 55.1489 38.9015 23.0512 107.414 16.8536 35.3318 14.9015 40.1856 14.0869 12.8992 12.8606 12.5724 10.5747 10.2377 15.1691 9.19119 5.43004 4.6725 3.64061 3.11755
threshold=0.070000000000000076 896.6500000000002 23720.000000000004 -0.25881904510252113 912.55000000000007 -1.5499999999999998 69.500000000000014 -2.1499999999999999 2.8500000000000001 7.4750000000000005 0.5009122898073749 2.4700000000000002 0.86545531305655499 0.93693214379294487 -4.9499999999999993 5560.0000000000009 5.6500000000000012 899.45000000000016 0.24500000000000055 6.7500000000000009 0.77447169083781808 510.00000000000006 -1.0000000180025095e-35 -4.6499999999999995 6.1450000000000005 951.60000000000014 -0.78656609248549292 -1.8499999999999999 3.4500000000000006 8.3750000000000018
decision_type=2 2 2 2 2 2 2 2 2 2 2 2 2 2 2 2 2 2 2 2 2 2 2 2 2 2 2 2 2 2
left_child=1 -1 3 4 18 6 16 26 25 11 -11 -5 23 29 15 -6 17 -4 -3 20 -16 -15 -13 24 -10 -2 -8 -24 -7 -14
right_child=8 2 5 9 14 28 7 -9 12 10 -12 22 13 21 19 -17 -18 -19 -20 -21 -22 -23 27 -25 -26 -27 -28 -29 -30 -31
leaf_value=-0.036101027908961296 -0.032386740993685249 -0.033981095875046677 0.024123195728419096 0.016406151761513693 -0.032010918631702176 -0.033997907954382608 -0.014548682847727432 0.025215535532448558 -0.0024764353477651595 -0.032846794912359763 0.024709154160225892 -0.0025334138437261701 -0.034777027680399197 0.03223783401352294 -0.011112345326057252 0.026259356787329317 0.022567975738670944 -0.032667604444502375 0.0076766095613392702 0.028266193508223715 0.022512201660662083 0.010437122672947781 -0.036192509240407851 0.032013935769944463 0.030777521012148479 0.0031144099913847758 -0.035983871791423677 -0.0073542877412720769 -0.0090005126356329287 -0.0087243345838138014
leaf_weight=53.766468152403831 6.3836300820112211 10.941199600696562 9.9102160334587115 8.1672174185514432 6.6497627794742575 43.264486908912659 8.6692146211862546 6.9197313189506522 10.142618224024774 8.4434961080551165 21.579500541090965 5.4928594976663581 12.759742677211763 42.275437697768211 7.5560321211814907 8.127796143293379 20.910140290856361 8.1640017032623273 3.8245049864053717 49.754377812147141 8.6853298693895322 16.512728184461594 30.607201188802716 84.03659950196743 10.137362062931059 4.24009108543396 31.004297897219658 3.4344406425952938 3.8453312665224066 3.580374300479888
leaf_count=389 46 79 17 20 48 305 47 11 42 61 39 24 92 49 39 12 42 59 12 79 16 49 221 102 11 15 224 17 20 18
internal_value=0.000157905 -0.0104879 -0.00587077 0.00218516 0.012261 -0.0163578 -0.00728043 -0.0229573 0.0202762 -0.0101477 0.00785649 -0.0214901 0.0227047 0.0138635 0.0189843 -7.51623e-05 0.0114618 -0.00168692 -0.023135 0.0232491 0.00689972 0.0264582 -0.0296292 0.028842 0.0146234 -0.0188246 -0.0318712 -0.0336901 -0.0322701 -0.0301315
internal_weight=549.786 359.718 305.951 173.264 95.539 132.687 85.5776 46.5932 190.069 77.7247 30.023 47.7017 179.445 75.1283 80.7733 14.7776 38.9844 18.0742 14.7657 65.9957 16.2414 58.7882 39.5345 104.317 20.28 10.6237 39.6735 34.0416 47.1098 16.3401
internal_count=2205 1781 1392 667 285 725 400 282 424 382 100 282 363 208 194 60 118 76 91 134 55 98 262 155 53 61 271 238 325 110
is_linear=0
shrinkage=0.02


end of trees

feature_importances:
doy_cos=18
surface_pressure=15
temp_min_24h=13
doy_sin=11
wind_max_24h=11
hour_sin=8
temp_min_6h=7
gust_max_24h=7
visibility_min_24h=7
snow_depth=6
wind_gusts_10m=6
wind_max_3h=6
temp_min_3h=6
visibility_min_12h=6
wind_speed_10m=4
snowfall_sum_3h=4
snowfall_sum_6h=4
wind_max_6h=4
snowfall_sum_24h=4
visibility=3
wind_max_12h=3
gust_max_12h=3
temp_min_12h=3
precip_sum_24h=3
temperature_2m=2
longitude=2
hour_cos=2
gust_max_6h=2
wind_visibility_ratio=2
relative_humidity_2m=1
latitude=1
gust_max_3h=1
visibility_min_3h=1
precip_sum_6h=1
snowfall_sum_12h=1
snow_x_wind=1
snow_x_gust=1

parameters:
[boosting: gbdt]
[objective: binary]
[metric: binary_logloss]
[tree_learner: serial]
[device_type: cpu]
[data_sample_strategy: bagging]
[data: ]
[valid: ]
[num_iterations: 6]
[learning_rate: 0.02]
[num_leaves: 31]
[num_threads: 4]
[seed: 42]
[deterministic: 0]
[force_col_wise: 0]
[force_row_wise: 0]
[histogram_pool_size: -1]
[max_depth: -1]
[min_data_in_leaf: 25]
[min_sum_hessian_in_leaf: 0.001]
[bagging_fraction: 0.85]
[pos_bagging_fraction: 1]
[neg_bagging_fraction: 1]
[bagging_freq: 1]
[bagging_seed: 400]
[bagging_by_query: 0]
[feature_fraction: 0.85]
[feature_fraction_bynode: 1]
[feature_fraction_seed: 30056]
[extra_trees: 0]
[extra_seed: 12879]
[early_stopping_round: 0]
[early_stopping_min_delta: 0]
[first_metric_only: 0]
[max_delta_step: 0]
[lambda_l1: 0.2]
[lambda_l2: 1]
[linear_lambda: 0]
[min_gain_to_split: 0]
[drop_rate: 0.1]
[max_drop: 50]
[skip_drop: 0.5]
[xgboost_dart_mode: 0]
[uniform_drop: 0]
[drop_seed: 17869]
[top_rate: 0.2]
[other_rate: 0.1]
[min_data_per_group: 100]
[max_cat_threshold: 32]
[cat_l2: 10]
[cat_smooth: 10]
[max_cat_to_onehot: 4]
[top_k: 20]
[monotone_constraints: ]
[monotone_constraints_method: basic]
[monotone_penalty: 0]
[feature_contri: ]
[forcedsplits_filename: ]
[refit_decay_rate: 0.9]
[cegb_tradeoff: 1]
[cegb_penalty_split: 0]
[cegb_penalty_feature_lazy: ]
[cegb_penalty_feature_coupled: ]
[path_smooth: 0]
[interaction_constraints: ]
[verbosity: 1]
[saved_feature_importance_type: 0]
[use_quantized_grad: 0]
[num_grad_quant_bins: 4]
[quant_train_renew_leaf: 0]
[stochastic_rounding: 1]
[linear_tree: 0]
[max_bin: 255]
[max_bin_by_feature: ]
[min_data_in_bin: 3]
[bin_construct_sample_cnt: 200000]
[data_random_seed: 175]
[is_enable_sparse: 1]
[enable_bundle: 1]
[use_missing: 1]
[zero_as_missing: 0]
[feature_pre_filter: 1]
[pre_partition: 0]
[two_round: 0]
[header: 0]
[label_column: ]
[weight_column: ]
[group_column: ]
[ignore_column: ]
[categorical_feature: ]
[forcedbins_filename: ]
[precise_float_parser: 0]
[parser_config_file: ]
[objective_seed: 16083]
[num_class: 1]
[is_unbalance: 0]
[scale_pos_weight: 1]
[sigmoid: 1]
[boost_from_average: 1]
[reg_sqrt: 0]
[alpha: 0.9]
[fair_c: 1]
[poisson_max_delta_step: 0.7]
[tweedie_variance_power: 1.5]
[lambdarank_truncation_level: 30]
[lambdarank_norm: 1]
[label_gain: ]
[lambdarank_position_bias_regularization: 0]
[eval_at: ]
[multi_error_top_k: 1]
[auc_mu_weights: ]
[num_machines: 1]
[local_listen_port: 12400]
[time_out: 120]
[machine_list_filename: ]
[machines: ]
[gpu_platform_id: -1]
[gpu_device_id: -1]
[gpu_use_dp: 0]
[num_gpu: 1]

end of parameters

pandas_categorical:[]
